name: tf_old
channels:
  - conda-forge
  - defaults
dependencies:
  - appnope=0.1.0=py36_1000
  - attrs=19.1.0=py_0
  - backcall=0.1.0=py_0
  - backports=1.0=py_2
  - backports.weakref=1.0rc1=py36_1
  - blas=1.0=openblas
  - bleach=1.5.0=py36_0
  - ca-certificates=2019.1.23=0
  - certifi=2019.3.9=py36_0
  - cycler=0.10.0=py36hfc81398_0
  - dbus=1.13.6=h90a0687_0
  - decorator=4.4.0=py_0
  - defusedxml=0.6.0=py_0
  - entrypoints=0.3=py36_1000
  - expat=2.2.6=h0a44026_0
  - freetype=2.9.1=hb4e5f40_0
  - gettext=0.19.8.1=h15daf44_3
  - glib=2.56.2=hd9629dc_0
  - html5lib=0.9999999=py36_0
  - icu=58.2=h4b95b61_1
  - ipykernel=5.1.0=py36h24bf2e0_1002
  - ipython=7.5.0=py36h24bf2e0_0
  - ipython_genutils=0.2.0=py_1
  - ipywidgets=7.4.2=py_0
  - jedi=0.13.3=py36_0
  - jinja2=2.10.1=py_0
  - jpeg=9b=he5867d9_2
  - jsonschema=3.0.1=py36_0
  - jupyter=1.0.0=py_2
  - jupyter_client=5.2.4=py_3
  - jupyter_console=6.0.0=py_0
  - jupyter_core=4.4.0=py_0
  - kiwisolver=1.1.0=py36h0a44026_0
  - libblas=3.8.0=8_openblas
  - libcblas=3.8.0=8_openblas
  - libcxx=4.0.1=hcfea43d_1
  - libcxxabi=4.0.1=hcfea43d_1
  - libedit=3.1.20181209=hb402a30_0
  - libffi=3.2.1=h475c297_4
  - libgfortran=3.0.1=0
  - libiconv=1.15=hdd342a3_7
  - liblapack=3.8.0=8_openblas
  - libopenblas=0.3.3=hdc02c5d_3
  - libpng=1.6.37=ha441bb4_0
  - libprotobuf=3.7.1=hfbae3c0_0
  - libsodium=1.0.16=h3efe00b_0
  - markdown=2.6.11=py_0
  - markupsafe=1.1.1=py36h1de35cc_0
  - matplotlib=3.0.3=py36h54f8f79_0
  - mistune=0.8.4=py36h1de35cc_1000
  - mock=3.0.5=py36_0
  - nbconvert=5.5.0=py_0
  - nbformat=4.4.0=py_1
  - ncurses=6.1=h0a44026_1
  - notebook=5.7.8=py36_0
  - numpy=1.16.3=py36hdf140aa_0
  - openblas=0.3.6=hd44dcd8_1
  - openssl=1.1.1b=h1de35cc_1
  - pandas=0.24.2=py36h0a44026_0
  - pandoc=2.2.3.2=0
  - pandocfilters=1.4.2=py_1
  - parso=0.4.0=py_0
  - patsy=0.5.1=py36_0
  - pcre=8.43=h0a44026_0
  - pexpect=4.7.0=py36_0
  - pickleshare=0.7.5=py36_1000
  - pip=19.1=py36_0
  - prometheus_client=0.6.0=py_0
  - prompt_toolkit=2.0.9=py_0
  - protobuf=3.7.1=py36h6de7cb9_0
  - ptyprocess=0.6.0=py_1001
  - pygments=2.4.0=py_0
  - pyparsing=2.4.0=py_0
  - pyqt=5.9.2=py36h2a560b1_0
  - pyrsistent=0.15.1=py36h01d97ff_0
  - python=3.6.8=haf84260_0
  - python-dateutil=2.8.0=py_0
  - pytz=2019.1=py_0
  - pyzmq=18.0.1=py36h2d07e9b_1
  - qt=5.9.7=h468cd18_1
  - qtconsole=4.4.4=py_0
  - readline=7.0=h1de35cc_5
  - scipy=1.2.1=py36h1a1e112_0
  - seaborn=0.9.0=py36_0
  - send2trash=1.5.0=py_0
  - setuptools=41.0.1=py36_0
  - sip=4.19.8=py36h0a44026_1000
  - six=1.12.0=py36_1000
  - sqlite=3.28.0=ha441bb4_0
  - statsmodels=0.9.0=py36h1d22016_0
  - tensorflow=1.2.0=py36_0
  - terminado=0.8.2=py36_0
  - testpath=0.4.2=py_1001
  - tk=8.6.8=ha441bb4_0
  - tornado=6.0.2=py36h01d97ff_0
  - traitlets=4.3.2=py36_1000
  - wcwidth=0.1.7=py_1
  - webencodings=0.5.1=py_1
  - werkzeug=0.15.2=py_0
  - wheel=0.33.2=py36_0
  - widgetsnbextension=3.4.2=py36_1000
  - xz=5.2.4=h1de35cc_4
  - zeromq=4.3.1=h0a44026_3
  - zlib=1.2.11=h1de35cc_3
  - pip:
    - astropy==3.1.2
    - edward==1.3.5
    - h5py==2.9.0
    - joblib==0.13.2
    - keras==2.2.4
    - keras-applications==1.0.7
    - keras-preprocessing==1.0.9
    - pyyaml==5.1
    - scikit-learn==0.21.0
    - sklearn==0.0
prefix: /anaconda3/envs/tf_old

